image: map_carto1.pgm
resolution: 0.050000
origin: [-9.072015, -2.008237, 0.000000]
negate: 0
occupied_thresh: 0.65
free_thresh: 0.196

