image: trang_carto.pgm
resolution: 0.030000
origin: [-4.367922, -2.593613, 0.000000]
negate: 0
occupied_thresh: 0.65
free_thresh: 0.196

