header:
  seq: 0
  stamp:
    secs: 1716810748
    nsecs: 354405403
  frame_id: "map"
pose:
  pose:
    position:
      x: 0.2560179176555514
      y: 0.17381550004094548
      z: -0.1298275626826697
    orientation:
      x: 0.024133367971832416
      y: 0.016178599518683418
      z: -0.927724020838287
      w: -0.37213435023871644
  covariance: [0.25, 0.0, 0.0, 0.0, 0.0, 0.0, 0.0, 0.0, 0.0, 0.0, 0.0, 0.0, 0.0, 0.0, 0.0, 0.0, 0.0, 0.0, 0.0, 0.0, 0.0, 0.0, 0.0, 0.0, 0.0, 0.0, 0.0, 0.0, 0.0, 0.0, 0.0, 0.0, 0.0, 0.0, 0.0, 0.06853892326654787]
