header:
  seq: 0
  stamp:
    secs: 1716976987
    nsecs: 20956516
  frame_id: "map"
pose:
  pose:
    position:
      x: -2.4269210323005517
      y: 1.6557255961243245
      z: -0.12979815911310583
    orientation:
      x: 0.02449316327398595
      y: 0.01367433359752648
      z: -0.9067287678022464
      w: 0.4207802742445485
  covariance: [0.25, 0.0, 0.0, 0.0, 0.0, 0.0, 0.0, 0.0, 0.0, 0.0, 0.0, 0.0, 0.0, 0.0, 0.0, 0.0, 0.0, 0.0, 0.0, 0.0, 0.0, 0.0, 0.0, 0.0, 0.0, 0.0, 0.0, 0.0, 0.0, 0.0, 0.0, 0.0, 0.0, 0.0, 0.0, 0.06853892326654787]
