header:
  seq: 0
  stamp:
    secs: 1716977025
    nsecs: 21467924
  frame_id: "map"
pose:
  pose:
    position:
      x: 0.006017642072050411
      y: 0.5733198485150668
      z: -0.1308229065245979
    orientation:
      x: -0.004297067386385065
      y: 0.011843348800449936
      z: -0.2133219996781533
      w: 0.9769007087490427
  covariance: [0.25, 0.0, 0.0, 0.0, 0.0, 0.0, 0.0, 0.0, 0.0, 0.0, 0.0, 0.0, 0.0, 0.0, 0.0, 0.0, 0.0, 0.0, 0.0, 0.0, 0.0, 0.0, 0.0, 0.0, 0.0, 0.0, 0.0, 0.0, 0.0, 0.0, 0.0, 0.0, 0.0, 0.0, 0.0, 0.06853892326654787]
