header:
  seq: 0
  stamp:
    secs: 1716810622
    nsecs: 290408611
  frame_id: "map"
pose:
  pose:
    position:
      x: 1.5920956373325401
      y: 0.06229569007791874
      z: -0.14202161662158364
    orientation:
      x: 0.03225959784488675
      y: 0.037105928478689834
      z: -0.042863113657900555
      w: 0.9978703432341149
  covariance: [0.25, 0.0, 0.0, 0.0, 0.0, 0.0, 0.0, 0.0, 0.0, 0.0, 0.0, 0.0, 0.0, 0.0, 0.0, 0.0, 0.0, 0.0, 0.0, 0.0, 0.0, 0.0, 0.0, 0.0, 0.0, 0.0, 0.0, 0.0, 0.0, 0.0, 0.0, 0.0, 0.0, 0.0, 0.0, 0.06853892326654787]
