header:
  seq: 0
  stamp:
    secs: 1716810689
    nsecs: 845764875
  frame_id: "map"
pose:
  pose:
    position:
      x: 5.785754144929656
      y: -0.6393233363459094
      z: -0.12983586503382707
    orientation:
      x: 0.011699097187248302
      y: 0.02085452558675039
      z: -0.9537951589423497
      w: 0.29950461543303986
  covariance: [0.25, 0.0, 0.0, 0.0, 0.0, 0.0, 0.0, 0.0, 0.0, 0.0, 0.0, 0.0, 0.0, 0.0, 0.0, 0.0, 0.0, 0.0, 0.0, 0.0, 0.0, 0.0, 0.0, 0.0, 0.0, 0.0, 0.0, 0.0, 0.0, 0.0, 0.0, 0.0, 0.0, 0.0, 0.0, 0.06853892326654787]
