header:
  seq: 0
  stamp:
    secs: 1716976967
    nsecs: 21655321
  frame_id: "map"
pose:
  pose:
    position:
      x: -1.7365380952774083
      y: 1.5994815784018261
      z: -0.1318295475453042
    orientation:
      x: 0.015900601166338596
      y: -0.013079249672888522
      z: -0.9255957728449858
      w: -0.3779531312240142
  covariance: [0.25, 0.0, 0.0, 0.0, 0.0, 0.0, 0.0, 0.0, 0.0, 0.0, 0.0, 0.0, 0.0, 0.0, 0.0, 0.0, 0.0, 0.0, 0.0, 0.0, 0.0, 0.0, 0.0, 0.0, 0.0, 0.0, 0.0, 0.0, 0.0, 0.0, 0.0, 0.0, 0.0, 0.0, 0.0, 0.06853892326654787]
