header:
  seq: 0
  stamp:
    secs: 1716977020
    nsecs: 20846366
  frame_id: "map"
pose:
  pose:
    position:
      x: -0.3388337891436555
      y: 0.7106903020575102
      z: -0.13413319825604764
    orientation:
      x: 0.00019975613588084926
      y: 0.013388960740317996
      z: -0.2112761708998273
      w: 0.9773346793384993
  covariance: [0.25, 0.0, 0.0, 0.0, 0.0, 0.0, 0.0, 0.0, 0.0, 0.0, 0.0, 0.0, 0.0, 0.0, 0.0, 0.0, 0.0, 0.0, 0.0, 0.0, 0.0, 0.0, 0.0, 0.0, 0.0, 0.0, 0.0, 0.0, 0.0, 0.0, 0.0, 0.0, 0.0, 0.0, 0.0, 0.06853892326654787]
