header:
  seq: 0
  stamp:
    secs: 1716810637
    nsecs: 290426969
  frame_id: "map"
pose:
  pose:
    position:
      x: 4.75920520081154
      y: -0.8485211732382258
      z: -0.5554969667147052
    orientation:
      x: -0.2699267186280898
      y: 0.21178821572077397
      z: -0.2615024610005731
      w: 0.9021650520515229
  covariance: [0.25, 0.0, 0.0, 0.0, 0.0, 0.0, 0.0, 0.0, 0.0, 0.0, 0.0, 0.0, 0.0, 0.0, 0.0, 0.0, 0.0, 0.0, 0.0, 0.0, 0.0, 0.0, 0.0, 0.0, 0.0, 0.0, 0.0, 0.0, 0.0, 0.0, 0.0, 0.0, 0.0, 0.0, 0.0, 0.06853892326654787]
