header:
  seq: 0
  stamp:
    secs: 1716810684
    nsecs: 845768928
  frame_id: "map"
pose:
  pose:
    position:
      x: 5.771471305369944
      y: -0.6398231834671015
      z: -0.12999530916718124
    orientation:
      x: -0.0038441651015568446
      y: 0.01779017898334999
      z: -0.62839173126264
      w: 0.7776841029667214
  covariance: [0.25, 0.0, 0.0, 0.0, 0.0, 0.0, 0.0, 0.0, 0.0, 0.0, 0.0, 0.0, 0.0, 0.0, 0.0, 0.0, 0.0, 0.0, 0.0, 0.0, 0.0, 0.0, 0.0, 0.0, 0.0, 0.0, 0.0, 0.0, 0.0, 0.0, 0.0, 0.0, 0.0, 0.0, 0.0, 0.06853892326654787]
