header:
  seq: 0
  stamp:
    secs: 1716976978
    nsecs: 21714925
  frame_id: "map"
pose:
  pose:
    position:
      x: -2.248008898120415
      y: 1.6214159922414235
      z: -0.1359643165425464
    orientation:
      x: 0.016597472140441386
      y: -0.0030591515482926933
      z: -0.9975980641379545
      w: -0.06718085991230907
  covariance: [0.25, 0.0, 0.0, 0.0, 0.0, 0.0, 0.0, 0.0, 0.0, 0.0, 0.0, 0.0, 0.0, 0.0, 0.0, 0.0, 0.0, 0.0, 0.0, 0.0, 0.0, 0.0, 0.0, 0.0, 0.0, 0.0, 0.0, 0.0, 0.0, 0.0, 0.0, 0.0, 0.0, 0.0, 0.0, 0.06853892326654787]
