header:
  seq: 0
  stamp:
    secs: 1716810726
    nsecs: 354715108
  frame_id: "map"
pose:
  pose:
    position:
      x: 2.3915830716594604
      y: 0.06253045779772748
      z: -0.13727348330769318
    orientation:
      x: 0.017600412187613
      y: 0.0110998141745055
      z: -0.9980340238452099
      w: -0.05911942881537915
  covariance: [0.25, 0.0, 0.0, 0.0, 0.0, 0.0, 0.0, 0.0, 0.0, 0.0, 0.0, 0.0, 0.0, 0.0, 0.0, 0.0, 0.0, 0.0, 0.0, 0.0, 0.0, 0.0, 0.0, 0.0, 0.0, 0.0, 0.0, 0.0, 0.0, 0.0, 0.0, 0.0, 0.0, 0.0, 0.0, 0.06853892326654787]
