header:
  seq: 0
  stamp:
    secs: 1716810751
    nsecs: 354385852
  frame_id: "map"
pose:
  pose:
    position:
      x: 0.23915042403375103
      y: 0.15564051682518232
      z: -0.1299379830106444
    orientation:
      x: 0.018441123276943916
      y: -0.0033606582817179986
      z: -0.7009922584926623
      w: -0.7129224954239798
  covariance: [0.25, 0.0, 0.0, 0.0, 0.0, 0.0, 0.0, 0.0, 0.0, 0.0, 0.0, 0.0, 0.0, 0.0, 0.0, 0.0, 0.0, 0.0, 0.0, 0.0, 0.0, 0.0, 0.0, 0.0, 0.0, 0.0, 0.0, 0.0, 0.0, 0.0, 0.0, 0.0, 0.0, 0.0, 0.0, 0.06853892326654787]
