header:
  seq: 0
  stamp:
    secs: 1716810616
    nsecs: 290403127
  frame_id: "map"
pose:
  pose:
    position:
      x: 0.6943332070174892
      y: 0.038997109803637645
      z: -0.13713598256878226
    orientation:
      x: 0.020942969361697573
      y: 0.017803228836953604
      z: -0.014751839440018958
      w: 0.9995132917127365
  covariance: [0.25, 0.0, 0.0, 0.0, 0.0, 0.0, 0.0, 0.0, 0.0, 0.0, 0.0, 0.0, 0.0, 0.0, 0.0, 0.0, 0.0, 0.0, 0.0, 0.0, 0.0, 0.0, 0.0, 0.0, 0.0, 0.0, 0.0, 0.0, 0.0, 0.0, 0.0, 0.0, 0.0, 0.0, 0.0, 0.06853892326654787]
