header:
  seq: 0
  stamp:
    secs: 1716977037
    nsecs: 20967721
  frame_id: "map"
pose:
  pose:
    position:
      x: -0.06861315537993756
      y: 0.5510627850345505
      z: -0.12970243527528083
    orientation:
      x: 0.026157394923510137
      y: 0.022356581855329582
      z: -0.9993949591669733
      w: 0.005068484014507435
  covariance: [0.25, 0.0, 0.0, 0.0, 0.0, 0.0, 0.0, 0.0, 0.0, 0.0, 0.0, 0.0, 0.0, 0.0, 0.0, 0.0, 0.0, 0.0, 0.0, 0.0, 0.0, 0.0, 0.0, 0.0, 0.0, 0.0, 0.0, 0.0, 0.0, 0.0, 0.0, 0.0, 0.0, 0.0, 0.0, 0.06853892326654787]
