header:
  seq: 0
  stamp:
    secs: 1716810664
    nsecs: 845796346
  frame_id: "map"
pose:
  pose:
    position:
      x: 4.2323609011172945
      y: -0.18104514850912273
      z: -0.129830289849215
    orientation:
      x: 0.000679012151595534
      y: 0.025539592323401108
      z: -0.16045334493282934
      w: 0.9867127202313342
  covariance: [0.25, 0.0, 0.0, 0.0, 0.0, 0.0, 0.0, 0.0, 0.0, 0.0, 0.0, 0.0, 0.0, 0.0, 0.0, 0.0, 0.0, 0.0, 0.0, 0.0, 0.0, 0.0, 0.0, 0.0, 0.0, 0.0, 0.0, 0.0, 0.0, 0.0, 0.0, 0.0, 0.0, 0.0, 0.0, 0.06853892326654787]
