header:
  seq: 0
  stamp:
    secs: 1716810734
    nsecs: 354668140
  frame_id: "map"
pose:
  pose:
    position:
      x: 1.1971547545638754
      y: 0.1443623110103055
      z: -0.13252945147008655
    orientation:
      x: 0.010180351011507088
      y: -0.014534103780426869
      z: -0.9986945614153735
      w: -0.04789878161223901
  covariance: [0.25, 0.0, 0.0, 0.0, 0.0, 0.0, 0.0, 0.0, 0.0, 0.0, 0.0, 0.0, 0.0, 0.0, 0.0, 0.0, 0.0, 0.0, 0.0, 0.0, 0.0, 0.0, 0.0, 0.0, 0.0, 0.0, 0.0, 0.0, 0.0, 0.0, 0.0, 0.0, 0.0, 0.0, 0.0, 0.06853892326654787]
