header:
  seq: 0
  stamp:
    secs: 1716810679
    nsecs: 845762729
  frame_id: "map"
pose:
  pose:
    position:
      x: 5.827978815298955
      y: -0.6650762168023988
      z: -0.1297123069824177
    orientation:
      x: -0.025211691137667868
      y: 0.018781205496956072
      z: -0.18870431347901595
      w: 0.9815306001467676
  covariance: [0.25, 0.0, 0.0, 0.0, 0.0, 0.0, 0.0, 0.0, 0.0, 0.0, 0.0, 0.0, 0.0, 0.0, 0.0, 0.0, 0.0, 0.0, 0.0, 0.0, 0.0, 0.0, 0.0, 0.0, 0.0, 0.0, 0.0, 0.0, 0.0, 0.0, 0.0, 0.0, 0.0, 0.0, 0.0, 0.06853892326654787]
