header:
  seq: 0
  stamp:
    secs: 1716810740
    nsecs: 354374408
  frame_id: "map"
pose:
  pose:
    position:
      x: 0.2746143601859851
      y: 0.28436849309095025
      z: -0.13906277728840394
    orientation:
      x: 0.019811996636587212
      y: 0.00766829420868473
      z: -0.997570548788278
      w: -0.06634517498247007
  covariance: [0.25, 0.0, 0.0, 0.0, 0.0, 0.0, 0.0, 0.0, 0.0, 0.0, 0.0, 0.0, 0.0, 0.0, 0.0, 0.0, 0.0, 0.0, 0.0, 0.0, 0.0, 0.0, 0.0, 0.0, 0.0, 0.0, 0.0, 0.0, 0.0, 0.0, 0.0, 0.0, 0.0, 0.0, 0.0, 0.06853892326654787]
