header:
  seq: 0
  stamp:
    secs: 1716810729
    nsecs: 354373931
  frame_id: "map"
pose:
  pose:
    position:
      x: 1.9392822585418485
      y: 0.10723703697065146
      z: -0.1371890615638688
    orientation:
      x: 0.01887499064703725
      y: -0.0003348106770034233
      z: -0.9983707901211216
      w: -0.053845966077431
  covariance: [0.25, 0.0, 0.0, 0.0, 0.0, 0.0, 0.0, 0.0, 0.0, 0.0, 0.0, 0.0, 0.0, 0.0, 0.0, 0.0, 0.0, 0.0, 0.0, 0.0, 0.0, 0.0, 0.0, 0.0, 0.0, 0.0, 0.0, 0.0, 0.0, 0.0, 0.0, 0.0, 0.0, 0.0, 0.0, 0.06853892326654787]
