header:
  seq: 0
  stamp:
    secs: 1716977012
    nsecs: 20641803
  frame_id: "map"
pose:
  pose:
    position:
      x: -1.1306590959646106
      y: 1.0243513799357356
      z: -0.13653745348424356
    orientation:
      x: 0.003041609776536794
      y: 0.024449074578159927
      z: -0.2103982433741334
      w: 0.9773052596539722
  covariance: [0.25, 0.0, 0.0, 0.0, 0.0, 0.0, 0.0, 0.0, 0.0, 0.0, 0.0, 0.0, 0.0, 0.0, 0.0, 0.0, 0.0, 0.0, 0.0, 0.0, 0.0, 0.0, 0.0, 0.0, 0.0, 0.0, 0.0, 0.0, 0.0, 0.0, 0.0, 0.0, 0.0, 0.0, 0.0, 0.06853892326654787]
