header:
  seq: 0
  stamp:
    secs: 1716976981
    nsecs: 21652460
  frame_id: "map"
pose:
  pose:
    position:
      x: -2.5206441712472896
      y: 1.650742159969369
      z: -0.1357659450438904
    orientation:
      x: 0.024635678723728127
      y: 0.0034376952821364376
      z: -0.9967299738084459
      w: -0.07688058855643065
  covariance: [0.25, 0.0, 0.0, 0.0, 0.0, 0.0, 0.0, 0.0, 0.0, 0.0, 0.0, 0.0, 0.0, 0.0, 0.0, 0.0, 0.0, 0.0, 0.0, 0.0, 0.0, 0.0, 0.0, 0.0, 0.0, 0.0, 0.0, 0.0, 0.0, 0.0, 0.0, 0.0, 0.0, 0.0, 0.0, 0.06853892326654787]
