header:
  seq: 0
  stamp:
    secs: 1716810718
    nsecs: 354345560
  frame_id: "map"
pose:
  pose:
    position:
      x: 3.666703762901351
      y: -0.025456197836602468
      z: -0.136089238068034
    orientation:
      x: 0.022370911227675105
      y: 0.012036115791444238
      z: -0.9924553105805527
      w: -0.11994636613068997
  covariance: [0.25, 0.0, 0.0, 0.0, 0.0, 0.0, 0.0, 0.0, 0.0, 0.0, 0.0, 0.0, 0.0, 0.0, 0.0, 0.0, 0.0, 0.0, 0.0, 0.0, 0.0, 0.0, 0.0, 0.0, 0.0, 0.0, 0.0, 0.0, 0.0, 0.0, 0.0, 0.0, 0.0, 0.0, 0.0, 0.06853892326654787]
