header:
  seq: 0
  stamp:
    secs: 1716977031
    nsecs: 20636081
  frame_id: "map"
pose:
  pose:
    position:
      x: -0.09313246295777963
      y: 0.5655327452076313
      z: -0.12970227708489554
    orientation:
      x: 0.013528813237895843
      y: 0.030459952707726272
      z: -0.7311674194933755
      w: 0.6813834215511962
  covariance: [0.25, 0.0, 0.0, 0.0, 0.0, 0.0, 0.0, 0.0, 0.0, 0.0, 0.0, 0.0, 0.0, 0.0, 0.0, 0.0, 0.0, 0.0, 0.0, 0.0, 0.0, 0.0, 0.0, 0.0, 0.0, 0.0, 0.0, 0.0, 0.0, 0.0, 0.0, 0.0, 0.0, 0.0, 0.0, 0.06853892326654787]
