header:
  seq: 0
  stamp:
    secs: 1716810713
    nsecs: 85451126
  frame_id: "map"
pose:
  pose:
    position:
      x: 4.450310207490167
      y: -0.21384021713526524
      z: -0.13394683246854744
    orientation:
      x: 0.02726373214964462
      y: 0.036450396270158184
      z: -0.9867819326716378
      w: -0.15552965914528333
  covariance: [0.25, 0.0, 0.0, 0.0, 0.0, 0.0, 0.0, 0.0, 0.0, 0.0, 0.0, 0.0, 0.0, 0.0, 0.0, 0.0, 0.0, 0.0, 0.0, 0.0, 0.0, 0.0, 0.0, 0.0, 0.0, 0.0, 0.0, 0.0, 0.0, 0.0, 0.0, 0.0, 0.0, 0.0, 0.0, 0.06853892326654787]
