header:
  seq: 0
  stamp:
    secs: 1716810698
    nsecs: 845541238
  frame_id: "map"
pose:
  pose:
    position:
      x: 5.122377127208593
      y: -0.4432983124368879
      z: -0.14152789012786493
    orientation:
      x: 0.024834441141727056
      y: 0.033529781957215586
      z: -0.984277337803243
      w: -0.17163078553115216
  covariance: [0.25, 0.0, 0.0, 0.0, 0.0, 0.0, 0.0, 0.0, 0.0, 0.0, 0.0, 0.0, 0.0, 0.0, 0.0, 0.0, 0.0, 0.0, 0.0, 0.0, 0.0, 0.0, 0.0, 0.0, 0.0, 0.0, 0.0, 0.0, 0.0, 0.0, 0.0, 0.0, 0.0, 0.0, 0.0, 0.06853892326654787]
