header:
  seq: 0
  stamp:
    secs: 1716810701
    nsecs: 845534801
  frame_id: "map"
pose:
  pose:
    position:
      x: 5.0106174090497975
      y: -0.40347387647796773
      z: -0.14074054707585376
    orientation:
      x: 0.024783615418481626
      y: 0.03245692609628252
      z: -0.9842119562360134
      w: -0.17221830784573672
  covariance: [0.25, 0.0, 0.0, 0.0, 0.0, 0.0, 0.0, 0.0, 0.0, 0.0, 0.0, 0.0, 0.0, 0.0, 0.0, 0.0, 0.0, 0.0, 0.0, 0.0, 0.0, 0.0, 0.0, 0.0, 0.0, 0.0, 0.0, 0.0, 0.0, 0.0, 0.0, 0.0, 0.0, 0.0, 0.0, 0.06853892326654787]
