header:
  seq: 0
  stamp:
    secs: 1716976962
    nsecs: 21639108
  frame_id: "map"
pose:
  pose:
    position:
      x: -1.4473486117636665
      y: 1.3428610873603222
      z: -0.13368269432273744
    orientation:
      x: 0.014612990951519592
      y: -0.002034708987254656
      z: -0.9287282181644739
      w: -0.37046756570559514
  covariance: [0.25, 0.0, 0.0, 0.0, 0.0, 0.0, 0.0, 0.0, 0.0, 0.0, 0.0, 0.0, 0.0, 0.0, 0.0, 0.0, 0.0, 0.0, 0.0, 0.0, 0.0, 0.0, 0.0, 0.0, 0.0, 0.0, 0.0, 0.0, 0.0, 0.0, 0.0, 0.0, 0.0, 0.0, 0.0, 0.06853892326654787]
