header:
  seq: 0
  stamp:
    secs: 1716810676
    nsecs: 845554828
  frame_id: "map"
pose:
  pose:
    position:
      x: 5.846679043999459
      y: -0.6760740003550321
      z: -0.13362804792132404
    orientation:
      x: -0.027877043848159765
      y: 0.017078584199317313
      z: -0.16530814511269054
      w: 0.9856999591901363
  covariance: [0.25, 0.0, 0.0, 0.0, 0.0, 0.0, 0.0, 0.0, 0.0, 0.0, 0.0, 0.0, 0.0, 0.0, 0.0, 0.0, 0.0, 0.0, 0.0, 0.0, 0.0, 0.0, 0.0, 0.0, 0.0, 0.0, 0.0, 0.0, 0.0, 0.0, 0.0, 0.0, 0.0, 0.0, 0.0, 0.06853892326654787]
