header:
  seq: 0
  stamp:
    secs: 1716810710
    nsecs: 353167295
  frame_id: "map"
pose:
  pose:
    position:
      x: 4.521342609171873
      y: -0.2269004064763387
      z: -0.1380917802617967
    orientation:
      x: 0.03089643237084725
      y: 0.04542352394508509
      z: -0.9884329490552455
      w: -0.1413591849195317
  covariance: [0.25, 0.0, 0.0, 0.0, 0.0, 0.0, 0.0, 0.0, 0.0, 0.0, 0.0, 0.0, 0.0, 0.0, 0.0, 0.0, 0.0, 0.0, 0.0, 0.0, 0.0, 0.0, 0.0, 0.0, 0.0, 0.0, 0.0, 0.0, 0.0, 0.0, 0.0, 0.0, 0.0, 0.0, 0.0, 0.06853892326654787]
