header:
  seq: 0
  stamp:
    secs: 1716976973
    nsecs: 21506071
  frame_id: "map"
pose:
  pose:
    position:
      x: -1.6848260143541012
      y: 1.5634910404892173
      z: -0.12993853059625812
    orientation:
      x: 0.01513548622406492
      y: -0.006335771739049947
      z: -0.9996650592942532
      w: -0.020013602360625438
  covariance: [0.25, 0.0, 0.0, 0.0, 0.0, 0.0, 0.0, 0.0, 0.0, 0.0, 0.0, 0.0, 0.0, 0.0, 0.0, 0.0, 0.0, 0.0, 0.0, 0.0, 0.0, 0.0, 0.0, 0.0, 0.0, 0.0, 0.0, 0.0, 0.0, 0.0, 0.0, 0.0, 0.0, 0.0, 0.0, 0.06853892326654787]
