header:
  seq: 0
  stamp:
    secs: 1716810631
    nsecs: 290642738
  frame_id: "map"
pose:
  pose:
    position:
      x: 3.3580609068409517
      y: -0.1308381245886412
      z: -0.24853177022171868
    orientation:
      x: -0.09301797106856612
      y: 0.09379178059449857
      z: -0.10223135384570003
      w: 0.9859510683812232
  covariance: [0.25, 0.0, 0.0, 0.0, 0.0, 0.0, 0.0, 0.0, 0.0, 0.0, 0.0, 0.0, 0.0, 0.0, 0.0, 0.0, 0.0, 0.0, 0.0, 0.0, 0.0, 0.0, 0.0, 0.0, 0.0, 0.0, 0.0, 0.0, 0.0, 0.0, 0.0, 0.0, 0.0, 0.0, 0.0, 0.06853892326654787]
