header:
  seq: 0
  stamp:
    secs: 1716977042
    nsecs: 21524906
  frame_id: "map"
pose:
  pose:
    position:
      x: -0.1904042762455745
      y: 0.5797689162026471
      z: -0.1354901842978066
    orientation:
      x: 0.02786267770401788
      y: 0.005327088000435657
      z: -0.9753158440602633
      w: -0.21898469729552836
  covariance: [0.25, 0.0, 0.0, 0.0, 0.0, 0.0, 0.0, 0.0, 0.0, 0.0, 0.0, 0.0, 0.0, 0.0, 0.0, 0.0, 0.0, 0.0, 0.0, 0.0, 0.0, 0.0, 0.0, 0.0, 0.0, 0.0, 0.0, 0.0, 0.0, 0.0, 0.0, 0.0, 0.0, 0.0, 0.0, 0.06853892326654787]
