header:
  seq: 0
  stamp:
    secs: 1716977015
    nsecs: 21464586
  frame_id: "map"
pose:
  pose:
    position:
      x: -0.8640705280436072
      y: 0.9018658834552337
      z: -0.1329741598229386
    orientation:
      x: 0.000801720197094303
      y: 0.012201858649377744
      z: -0.2073236946373485
      w: 0.9781959709241016
  covariance: [0.25, 0.0, 0.0, 0.0, 0.0, 0.0, 0.0, 0.0, 0.0, 0.0, 0.0, 0.0, 0.0, 0.0, 0.0, 0.0, 0.0, 0.0, 0.0, 0.0, 0.0, 0.0, 0.0, 0.0, 0.0, 0.0, 0.0, 0.0, 0.0, 0.0, 0.0, 0.0, 0.0, 0.0, 0.0, 0.06853892326654787]
