header:
  seq: 0
  stamp:
    secs: 1716976950
    nsecs: 21622180
  frame_id: "map"
pose:
  pose:
    position:
      x: -0.4371246770262885
      y: 0.4534259445660464
      z: -0.1322193802581782
    orientation:
      x: 0.010405744669634346
      y: 0.0010923909179112114
      z: -0.9341253725381505
      w: -0.3567916976898631
  covariance: [0.25, 0.0, 0.0, 0.0, 0.0, 0.0, 0.0, 0.0, 0.0, 0.0, 0.0, 0.0, 0.0, 0.0, 0.0, 0.0, 0.0, 0.0, 0.0, 0.0, 0.0, 0.0, 0.0, 0.0, 0.0, 0.0, 0.0, 0.0, 0.0, 0.0, 0.0, 0.0, 0.0, 0.0, 0.0, 0.06853892326654787]
