header:
  seq: 0
  stamp:
    secs: 1716810687
    nsecs: 845557212
  frame_id: "map"
pose:
  pose:
    position:
      x: 5.77854331896592
      y: -0.6404754384574098
      z: -0.1298123198087668
    orientation:
      x: 0.006618116474559792
      y: 0.022701988412722134
      z: -0.8823421507780564
      w: 0.4700139883203381
  covariance: [0.25, 0.0, 0.0, 0.0, 0.0, 0.0, 0.0, 0.0, 0.0, 0.0, 0.0, 0.0, 0.0, 0.0, 0.0, 0.0, 0.0, 0.0, 0.0, 0.0, 0.0, 0.0, 0.0, 0.0, 0.0, 0.0, 0.0, 0.0, 0.0, 0.0, 0.0, 0.0, 0.0, 0.0, 0.0, 0.06853892326654787]
