header:
  seq: 0
  stamp:
    secs: 1716977004
    nsecs: 21452903
  frame_id: "map"
pose:
  pose:
    position:
      x: -1.9281586627769634
      y: 1.2989938604671245
      z: -0.13090368702751948
    orientation:
      x: -0.0022484529393115996
      y: 0.0038558422672733835
      z: -0.20325149989430313
      w: 0.9791163897772861
  covariance: [0.25, 0.0, 0.0, 0.0, 0.0, 0.0, 0.0, 0.0, 0.0, 0.0, 0.0, 0.0, 0.0, 0.0, 0.0, 0.0, 0.0, 0.0, 0.0, 0.0, 0.0, 0.0, 0.0, 0.0, 0.0, 0.0, 0.0, 0.0, 0.0, 0.0, 0.0, 0.0, 0.0, 0.0, 0.0, 0.06853892326654787]
