header:
  seq: 0
  stamp:
    secs: 1716976984
    nsecs: 22090911
  frame_id: "map"
pose:
  pose:
    position:
      x: -2.4225888909305766
      y: 1.6495825434086904
      z: -0.12987596268430696
    orientation:
      x: 0.020765273839570948
      y: 0.010493293868546572
      z: -0.9636068000883868
      w: 0.2663092732324134
  covariance: [0.25, 0.0, 0.0, 0.0, 0.0, 0.0, 0.0, 0.0, 0.0, 0.0, 0.0, 0.0, 0.0, 0.0, 0.0, 0.0, 0.0, 0.0, 0.0, 0.0, 0.0, 0.0, 0.0, 0.0, 0.0, 0.0, 0.0, 0.0, 0.0, 0.0, 0.0, 0.0, 0.0, 0.0, 0.0, 0.06853892326654787]
