header:
  seq: 0
  stamp:
    secs: 1716810628
    nsecs: 290598154
  frame_id: "map"
pose:
  pose:
    position:
      x: 2.5693247605771448
      y: 0.001052381901064381
      z: -0.1416474374133659
    orientation:
      x: -0.01766206387545897
      y: 0.03413431368816238
      z: -0.033475133820378096
      w: 0.9987003131792868
  covariance: [0.25, 0.0, 0.0, 0.0, 0.0, 0.0, 0.0, 0.0, 0.0, 0.0, 0.0, 0.0, 0.0, 0.0, 0.0, 0.0, 0.0, 0.0, 0.0, 0.0, 0.0, 0.0, 0.0, 0.0, 0.0, 0.0, 0.0, 0.0, 0.0, 0.0, 0.0, 0.0, 0.0, 0.0, 0.0, 0.06853892326654787]
