header:
  seq: 0
  stamp:
    secs: 1716810692
    nsecs: 845745801
  frame_id: "map"
pose:
  pose:
    position:
      x: 5.77888468113219
      y: -0.6280955539638033
      z: -0.1297620030454119
    orientation:
      x: 0.021768534692314528
      y: 0.017024302204280754
      z: -0.9994960067082875
      w: -0.015621671037182774
  covariance: [0.25, 0.0, 0.0, 0.0, 0.0, 0.0, 0.0, 0.0, 0.0, 0.0, 0.0, 0.0, 0.0, 0.0, 0.0, 0.0, 0.0, 0.0, 0.0, 0.0, 0.0, 0.0, 0.0, 0.0, 0.0, 0.0, 0.0, 0.0, 0.0, 0.0, 0.0, 0.0, 0.0, 0.0, 0.0, 0.06853892326654787]
