header:
  seq: 0
  stamp:
    secs: 1716976953
    nsecs: 21679162
  frame_id: "map"
pose:
  pose:
    position:
      x: -0.7144525797737331
      y: 0.697664482786664
      z: -0.13103477594942153
    orientation:
      x: 0.006938815550686158
      y: 0.009098726361334897
      z: -0.9329643541989707
      w: -0.3597868533054711
  covariance: [0.25, 0.0, 0.0, 0.0, 0.0, 0.0, 0.0, 0.0, 0.0, 0.0, 0.0, 0.0, 0.0, 0.0, 0.0, 0.0, 0.0, 0.0, 0.0, 0.0, 0.0, 0.0, 0.0, 0.0, 0.0, 0.0, 0.0, 0.0, 0.0, 0.0, 0.0, 0.0, 0.0, 0.0, 0.0, 0.06853892326654787]
