header:
  seq: 0
  stamp:
    secs: 1716977028
    nsecs: 20850658
  frame_id: "map"
pose:
  pose:
    position:
      x: -0.056138640850849575
      y: 0.6197057361726368
      z: -0.12989990724437828
    orientation:
      x: 0.0029886950681493364
      y: 0.025493401908343444
      z: -0.562343758791428
      w: 0.8265050823251224
  covariance: [0.25, 0.0, 0.0, 0.0, 0.0, 0.0, 0.0, 0.0, 0.0, 0.0, 0.0, 0.0, 0.0, 0.0, 0.0, 0.0, 0.0, 0.0, 0.0, 0.0, 0.0, 0.0, 0.0, 0.0, 0.0, 0.0, 0.0, 0.0, 0.0, 0.0, 0.0, 0.0, 0.0, 0.0, 0.0, 0.06853892326654787]
