header:
  seq: 0
  stamp:
    secs: 1716810667
    nsecs: 845590114
  frame_id: "map"
pose:
  pose:
    position:
      x: 4.61413925222914
      y: -0.30942452965426664
      z: -0.147973081339761
    orientation:
      x: 0.003926590188591771
      y: 0.02903328726288846
      z: -0.18647220551350346
      w: 0.9820233025194114
  covariance: [0.25, 0.0, 0.0, 0.0, 0.0, 0.0, 0.0, 0.0, 0.0, 0.0, 0.0, 0.0, 0.0, 0.0, 0.0, 0.0, 0.0, 0.0, 0.0, 0.0, 0.0, 0.0, 0.0, 0.0, 0.0, 0.0, 0.0, 0.0, 0.0, 0.0, 0.0, 0.0, 0.0, 0.0, 0.0, 0.06853892326654787]
