header:
  seq: 0
  stamp:
    secs: 1716810754
    nsecs: 354613542
  frame_id: "map"
pose:
  pose:
    position:
      x: 0.24185292779716291
      y: 0.12185303586942597
      z: -0.12990315369922412
    orientation:
      x: 0.019299997041388947
      y: -0.007425372844621483
      z: -0.3137099520147818
      w: -0.9492936531754569
  covariance: [0.25, 0.0, 0.0, 0.0, 0.0, 0.0, 0.0, 0.0, 0.0, 0.0, 0.0, 0.0, 0.0, 0.0, 0.0, 0.0, 0.0, 0.0, 0.0, 0.0, 0.0, 0.0, 0.0, 0.0, 0.0, 0.0, 0.0, 0.0, 0.0, 0.0, 0.0, 0.0, 0.0, 0.0, 0.0, 0.06853892326654787]
