header:
  seq: 0
  stamp:
    secs: 1716810731
    nsecs: 354546546
  frame_id: "map"
pose:
  pose:
    position:
      x: 1.641103982452075
      y: 0.11284803749807848
      z: -0.13592552057723334
    orientation:
      x: 0.017012193541272362
      y: -0.017588124845395372
      z: -0.998411164892294
      w: -0.05075814174839447
  covariance: [0.25, 0.0, 0.0, 0.0, 0.0, 0.0, 0.0, 0.0, 0.0, 0.0, 0.0, 0.0, 0.0, 0.0, 0.0, 0.0, 0.0, 0.0, 0.0, 0.0, 0.0, 0.0, 0.0, 0.0, 0.0, 0.0, 0.0, 0.0, 0.0, 0.0, 0.0, 0.0, 0.0, 0.0, 0.0, 0.06853892326654787]
