header:
  seq: 0
  stamp:
    secs: 1716810625
    nsecs: 290542840
  frame_id: "map"
pose:
  pose:
    position:
      x: 2.0903274167601187
      y: 0.03075229764292082
      z: -0.14650798895542655
    orientation:
      x: -0.014829723341735677
      y: 0.03840602905764491
      z: 0.017996071712824656
      w: 0.9989900888600136
  covariance: [0.25, 0.0, 0.0, 0.0, 0.0, 0.0, 0.0, 0.0, 0.0, 0.0, 0.0, 0.0, 0.0, 0.0, 0.0, 0.0, 0.0, 0.0, 0.0, 0.0, 0.0, 0.0, 0.0, 0.0, 0.0, 0.0, 0.0, 0.0, 0.0, 0.0, 0.0, 0.0, 0.0, 0.0, 0.0, 0.06853892326654787]
