header:
  seq: 0
  stamp:
    secs: 1716977040
    nsecs: 20523548
  frame_id: "map"
pose:
  pose:
    position:
      x: -0.07438199304348803
      y: 0.5441318962215382
      z: -0.1298700681214423
    orientation:
      x: 0.022353418467977386
      y: 0.011661591578917774
      z: -0.9630863632433179
      w: -0.26800930748651697
  covariance: [0.25, 0.0, 0.0, 0.0, 0.0, 0.0, 0.0, 0.0, 0.0, 0.0, 0.0, 0.0, 0.0, 0.0, 0.0, 0.0, 0.0, 0.0, 0.0, 0.0, 0.0, 0.0, 0.0, 0.0, 0.0, 0.0, 0.0, 0.0, 0.0, 0.0, 0.0, 0.0, 0.0, 0.0, 0.0, 0.06853892326654787]
