header:
  seq: 0
  stamp:
    secs: 1716810643
    nsecs: 290534496
  frame_id: "map"
pose:
  pose:
    position:
      x: 4.7573601102634235
      y: -0.9165245553138635
      z: -0.5579048884707398
    orientation:
      x: -0.31561545734373686
      y: 0.21483976154956005
      z: -0.338423969530166
      w: 0.8600581240767843
  covariance: [0.25, 0.0, 0.0, 0.0, 0.0, 0.0, 0.0, 0.0, 0.0, 0.0, 0.0, 0.0, 0.0, 0.0, 0.0, 0.0, 0.0, 0.0, 0.0, 0.0, 0.0, 0.0, 0.0, 0.0, 0.0, 0.0, 0.0, 0.0, 0.0, 0.0, 0.0, 0.0, 0.0, 0.0, 0.0, 0.06853892326654787]
