header:
  seq: 0
  stamp:
    secs: 1716810746
    nsecs: 353801488
  frame_id: "map"
pose:
  pose:
    position:
      x: 0.24520296913430145
      y: 0.09855030945219734
      z: -0.13206890972021873
    orientation:
      x: 0.030778534795638843
      y: 0.018272552689371706
      z: -0.9954080914677035
      w: -0.08877796491625639
  covariance: [0.25, 0.0, 0.0, 0.0, 0.0, 0.0, 0.0, 0.0, 0.0, 0.0, 0.0, 0.0, 0.0, 0.0, 0.0, 0.0, 0.0, 0.0, 0.0, 0.0, 0.0, 0.0, 0.0, 0.0, 0.0, 0.0, 0.0, 0.0, 0.0, 0.0, 0.0, 0.0, 0.0, 0.0, 0.0, 0.06853892326654787]
