header:
  seq: 0
  stamp:
    secs: 1716810695
    nsecs: 845761537
  frame_id: "map"
pose:
  pose:
    position:
      x: 5.761397691106007
      y: -0.6330367214214476
      z: -0.13077166365129456
    orientation:
      x: 0.02913501630944532
      y: 0.019295657980045955
      z: -0.9888638858476326
      w: -0.1446618252134467
  covariance: [0.25, 0.0, 0.0, 0.0, 0.0, 0.0, 0.0, 0.0, 0.0, 0.0, 0.0, 0.0, 0.0, 0.0, 0.0, 0.0, 0.0, 0.0, 0.0, 0.0, 0.0, 0.0, 0.0, 0.0, 0.0, 0.0, 0.0, 0.0, 0.0, 0.0, 0.0, 0.0, 0.0, 0.0, 0.0, 0.06853892326654787]
