header:
  seq: 0
  stamp:
    secs: 1716976990
    nsecs: 20898103
  frame_id: "map"
pose:
  pose:
    position:
      x: -2.535527962103271
      y: 1.5163898000217564
      z: -0.13174674587885282
    orientation:
      x: 0.020632755729699442
      y: 0.009852563774558369
      z: -0.9126203142229108
      w: 0.40816832121778196
  covariance: [0.25, 0.0, 0.0, 0.0, 0.0, 0.0, 0.0, 0.0, 0.0, 0.0, 0.0, 0.0, 0.0, 0.0, 0.0, 0.0, 0.0, 0.0, 0.0, 0.0, 0.0, 0.0, 0.0, 0.0, 0.0, 0.0, 0.0, 0.0, 0.0, 0.0, 0.0, 0.0, 0.0, 0.0, 0.0, 0.06853892326654787]
