header:
  seq: 0
  stamp:
    secs: 1716810673
    nsecs: 845643520
  frame_id: "map"
pose:
  pose:
    position:
      x: 5.526036987063853
      y: -0.5955008823558676
      z: -0.13979869790836072
    orientation:
      x: -0.03259441128778753
      y: 0.02017273401743848
      z: -0.16495899991953766
      w: 0.9855552716619245
  covariance: [0.25, 0.0, 0.0, 0.0, 0.0, 0.0, 0.0, 0.0, 0.0, 0.0, 0.0, 0.0, 0.0, 0.0, 0.0, 0.0, 0.0, 0.0, 0.0, 0.0, 0.0, 0.0, 0.0, 0.0, 0.0, 0.0, 0.0, 0.0, 0.0, 0.0, 0.0, 0.0, 0.0, 0.0, 0.0, 0.06853892326654787]
