header:
  seq: 0
  stamp:
    secs: 1716810634
    nsecs: 290452480
  frame_id: "map"
pose:
  pose:
    position:
      x: 4.178992340422617
      y: -0.44628075152825264
      z: -0.38364608290764546
    orientation:
      x: -0.18093563941796828
      y: 0.15626504727105073
      z: -0.17777556184418267
      w: 0.9545885914889054
  covariance: [0.25, 0.0, 0.0, 0.0, 0.0, 0.0, 0.0, 0.0, 0.0, 0.0, 0.0, 0.0, 0.0, 0.0, 0.0, 0.0, 0.0, 0.0, 0.0, 0.0, 0.0, 0.0, 0.0, 0.0, 0.0, 0.0, 0.0, 0.0, 0.0, 0.0, 0.0, 0.0, 0.0, 0.0, 0.0, 0.06853892326654787]
