header:
  seq: 0
  stamp:
    secs: 1716977018
    nsecs: 20644187
  frame_id: "map"
pose:
  pose:
    position:
      x: -0.5426420850457051
      y: 0.7818157919152253
      z: -0.1329597503025447
    orientation:
      x: -0.005687900163492254
      y: 0.012441019730511949
      z: -0.21550975620937465
      w: 0.9764058653031387
  covariance: [0.25, 0.0, 0.0, 0.0, 0.0, 0.0, 0.0, 0.0, 0.0, 0.0, 0.0, 0.0, 0.0, 0.0, 0.0, 0.0, 0.0, 0.0, 0.0, 0.0, 0.0, 0.0, 0.0, 0.0, 0.0, 0.0, 0.0, 0.0, 0.0, 0.0, 0.0, 0.0, 0.0, 0.0, 0.0, 0.06853892326654787]
