header:
  seq: 0
  stamp:
    secs: 1716976956
    nsecs: 21825313
  frame_id: "map"
pose:
  pose:
    position:
      x: -0.958527106089713
      y: 0.9086667137328028
      z: -0.13360054016081463
    orientation:
      x: 0.016058816154161427
      y: -0.0027392772448706863
      z: -0.933647708407783
      w: -0.3578219772020688
  covariance: [0.25, 0.0, 0.0, 0.0, 0.0, 0.0, 0.0, 0.0, 0.0, 0.0, 0.0, 0.0, 0.0, 0.0, 0.0, 0.0, 0.0, 0.0, 0.0, 0.0, 0.0, 0.0, 0.0, 0.0, 0.0, 0.0, 0.0, 0.0, 0.0, 0.0, 0.0, 0.0, 0.0, 0.0, 0.0, 0.06853892326654787]
