header:
  seq: 0
  stamp:
    secs: 1716977242
    nsecs: 263920783
  frame_id: "map"
pose:
  pose:
    position:
      x: -0.1637932750573412
      y: 0.05832296934042297
      z: -0.12989244354163254
    orientation:
      x: -0.013189230978767327
      y: -0.015482986312563335
      z: 0.7527053617700136
      w: -0.6580432810109884
  covariance: [0.25, 0.0, 0.0, 0.0, 0.0, 0.0, 0.0, 0.0, 0.0, 0.0, 0.0, 0.0, 0.0, 0.0, 0.0, 0.0, 0.0, 0.0, 0.0, 0.0, 0.0, 0.0, 0.0, 0.0, 0.0, 0.0, 0.0, 0.0, 0.0, 0.0, 0.0, 0.0, 0.0, 0.0, 0.0, 0.06853892326654787]
