header:
  seq: 0
  stamp:
    secs: 1716976948
    nsecs: 20600795
  frame_id: "map"
pose:
  pose:
    position:
      x: -0.3007998979284001
      y: 0.355853437289774
      z: -0.12995819080196178
    orientation:
      x: 0.013834528784900579
      y: -0.0004079035039066571
      z: -0.9349252151006249
      w: -0.3545747898498734
  covariance: [0.25, 0.0, 0.0, 0.0, 0.0, 0.0, 0.0, 0.0, 0.0, 0.0, 0.0, 0.0, 0.0, 0.0, 0.0, 0.0, 0.0, 0.0, 0.0, 0.0, 0.0, 0.0, 0.0, 0.0, 0.0, 0.0, 0.0, 0.0, 0.0, 0.0, 0.0, 0.0, 0.0, 0.0, 0.0, 0.06853892326654787]
