header:
  seq: 0
  stamp:
    secs: 1716810737
    nsecs: 354372024
  frame_id: "map"
pose:
  pose:
    position:
      x: 0.748792851254977
      y: 0.2054896005386725
      z: -0.1380118339165825
    orientation:
      x: 0.01962652391268647
      y: -0.010535005813546059
      z: -0.9970156862843741
      w: -0.07391572575921757
  covariance: [0.25, 0.0, 0.0, 0.0, 0.0, 0.0, 0.0, 0.0, 0.0, 0.0, 0.0, 0.0, 0.0, 0.0, 0.0, 0.0, 0.0, 0.0, 0.0, 0.0, 0.0, 0.0, 0.0, 0.0, 0.0, 0.0, 0.0, 0.0, 0.0, 0.0, 0.0, 0.0, 0.0, 0.0, 0.0, 0.06853892326654787]
