header:
  seq: 0
  stamp:
    secs: 1716977007
    nsecs: 20732164
  frame_id: "map"
pose:
  pose:
    position:
      x: -1.616963839875449
      y: 1.2024254644780887
      z: -0.13067087651359957
    orientation:
      x: -0.00421504920538468
      y: 0.005130852639179687
      z: -0.2159527130351037
      w: 0.9763812439022833
  covariance: [0.25, 0.0, 0.0, 0.0, 0.0, 0.0, 0.0, 0.0, 0.0, 0.0, 0.0, 0.0, 0.0, 0.0, 0.0, 0.0, 0.0, 0.0, 0.0, 0.0, 0.0, 0.0, 0.0, 0.0, 0.0, 0.0, 0.0, 0.0, 0.0, 0.0, 0.0, 0.0, 0.0, 0.0, 0.0, 0.06853892326654787]
