header:
  seq: 0
  stamp:
    secs: 1716810619
    nsecs: 290616750
  frame_id: "map"
pose:
  pose:
    position:
      x: 1.1701895076147188
      y: 0.05187152272737548
      z: -0.1488833687947657
    orientation:
      x: 0.013950034346173803
      y: 0.0384620449547841
      z: -0.024597887831266558
      w: 0.9988598558125544
  covariance: [0.25, 0.0, 0.0, 0.0, 0.0, 0.0, 0.0, 0.0, 0.0, 0.0, 0.0, 0.0, 0.0, 0.0, 0.0, 0.0, 0.0, 0.0, 0.0, 0.0, 0.0, 0.0, 0.0, 0.0, 0.0, 0.0, 0.0, 0.0, 0.0, 0.0, 0.0, 0.0, 0.0, 0.0, 0.0, 0.06853892326654787]
