header:
  seq: 0
  stamp:
    secs: 1716977244
    nsecs: 264075994
  frame_id: "map"
pose:
  pose:
    position:
      x: -0.16415521305240618
      y: 0.05848654936720288
      z: -0.12989627851712726
    orientation:
      x: -0.012628545256012216
      y: -0.015474125226973523
      z: 0.7517287412966949
      w: -0.6591699104189022
  covariance: [0.25, 0.0, 0.0, 0.0, 0.0, 0.0, 0.0, 0.0, 0.0, 0.0, 0.0, 0.0, 0.0, 0.0, 0.0, 0.0, 0.0, 0.0, 0.0, 0.0, 0.0, 0.0, 0.0, 0.0, 0.0, 0.0, 0.0, 0.0, 0.0, 0.0, 0.0, 0.0, 0.0, 0.0, 0.0, 0.06853892326654787]
