header:
  seq: 0
  stamp:
    secs: 1716810703
    nsecs: 845753431
  frame_id: "map"
pose:
  pose:
    position:
      x: 4.865814239081242
      y: -0.3695178321874546
      z: -0.14178597020457184
    orientation:
      x: 0.027652907297810177
      y: 0.02678538481365168
      z: -0.9861855523852837
      w: -0.16110839874102315
  covariance: [0.25, 0.0, 0.0, 0.0, 0.0, 0.0, 0.0, 0.0, 0.0, 0.0, 0.0, 0.0, 0.0, 0.0, 0.0, 0.0, 0.0, 0.0, 0.0, 0.0, 0.0, 0.0, 0.0, 0.0, 0.0, 0.0, 0.0, 0.0, 0.0, 0.0, 0.0, 0.0, 0.0, 0.0, 0.0, 0.06853892326654787]
