header:
  seq: 0
  stamp:
    secs: 1716810715
    nsecs: 354289770
  frame_id: "map"
pose:
  pose:
    position:
      x: 3.9390951460933032
      y: -0.10172430186784287
      z: -0.13499380165499247
    orientation:
      x: 0.02504824990147754
      y: 0.016741791291506252
      z: -0.9873659030784191
      w: -0.15556629146239487
  covariance: [0.25, 0.0, 0.0, 0.0, 0.0, 0.0, 0.0, 0.0, 0.0, 0.0, 0.0, 0.0, 0.0, 0.0, 0.0, 0.0, 0.0, 0.0, 0.0, 0.0, 0.0, 0.0, 0.0, 0.0, 0.0, 0.0, 0.0, 0.0, 0.0, 0.0, 0.0, 0.0, 0.0, 0.0, 0.0, 0.06853892326654787]
