header:
  seq: 0
  stamp:
    secs: 1716976996
    nsecs: 21469354
  frame_id: "map"
pose:
  pose:
    position:
      x: -2.5218373285377074
      y: 1.5261050318177245
      z: -0.12993823235681898
    orientation:
      x: 0.008184894028401496
      y: 0.012637004350944616
      z: -0.28251941888930043
      w: 0.9591434155439059
  covariance: [0.25, 0.0, 0.0, 0.0, 0.0, 0.0, 0.0, 0.0, 0.0, 0.0, 0.0, 0.0, 0.0, 0.0, 0.0, 0.0, 0.0, 0.0, 0.0, 0.0, 0.0, 0.0, 0.0, 0.0, 0.0, 0.0, 0.0, 0.0, 0.0, 0.0, 0.0, 0.0, 0.0, 0.0, 0.0, 0.06853892326654787]
