header:
  seq: 0
  stamp:
    secs: 1716976976
    nsecs: 21499156
  frame_id: "map"
pose:
  pose:
    position:
      x: -2.0145667302007553
      y: 1.586759295704383
      z: -0.13530097448562514
    orientation:
      x: 0.02169123594467002
      y: -0.004811976610356851
      z: -0.997506427872939
      w: -0.06698702498591119
  covariance: [0.25, 0.0, 0.0, 0.0, 0.0, 0.0, 0.0, 0.0, 0.0, 0.0, 0.0, 0.0, 0.0, 0.0, 0.0, 0.0, 0.0, 0.0, 0.0, 0.0, 0.0, 0.0, 0.0, 0.0, 0.0, 0.0, 0.0, 0.0, 0.0, 0.0, 0.0, 0.0, 0.0, 0.0, 0.0, 0.06853892326654787]
