header:
  seq: 0
  stamp:
    secs: 1716810760
    nsecs: 354278802
  frame_id: "map"
pose:
  pose:
    position:
      x: 0.23749053193933323
      y: 0.12956097747606332
      z: -0.1298992071337205
    orientation:
      x: 0.007611745628787804
      y: -0.018160482887446986
      z: 0.04907703928355314
      w: -0.9986008724234812
  covariance: [0.25, 0.0, 0.0, 0.0, 0.0, 0.0, 0.0, 0.0, 0.0, 0.0, 0.0, 0.0, 0.0, 0.0, 0.0, 0.0, 0.0, 0.0, 0.0, 0.0, 0.0, 0.0, 0.0, 0.0, 0.0, 0.0, 0.0, 0.0, 0.0, 0.0, 0.0, 0.0, 0.0, 0.0, 0.0, 0.06853892326654787]
