header:
  seq: 0
  stamp:
    secs: 1716810724
    nsecs: 354350566
  frame_id: "map"
pose:
  pose:
    position:
      x: 2.7648976048801837
      y: 0.016081202617465484
      z: -0.13966586452006524
    orientation:
      x: 0.02853236411782193
      y: 0.006256858460653049
      z: -0.9987492787786209
      w: -0.04057873900501315
  covariance: [0.25, 0.0, 0.0, 0.0, 0.0, 0.0, 0.0, 0.0, 0.0, 0.0, 0.0, 0.0, 0.0, 0.0, 0.0, 0.0, 0.0, 0.0, 0.0, 0.0, 0.0, 0.0, 0.0, 0.0, 0.0, 0.0, 0.0, 0.0, 0.0, 0.0, 0.0, 0.0, 0.0, 0.0, 0.0, 0.06853892326654787]
