header:
  seq: 0
  stamp:
    secs: 1716977022
    nsecs: 21492958
  frame_id: "map"
pose:
  pose:
    position:
      x: -0.15330340067968307
      y: 0.6397603774150551
      z: -0.13242332740888452
    orientation:
      x: 0.00015152576440381776
      y: 0.009076156831476957
      z: -0.2159339369605883
      w: 0.9763657794524623
  covariance: [0.25, 0.0, 0.0, 0.0, 0.0, 0.0, 0.0, 0.0, 0.0, 0.0, 0.0, 0.0, 0.0, 0.0, 0.0, 0.0, 0.0, 0.0, 0.0, 0.0, 0.0, 0.0, 0.0, 0.0, 0.0, 0.0, 0.0, 0.0, 0.0, 0.0, 0.0, 0.0, 0.0, 0.0, 0.0, 0.06853892326654787]
