header:
  seq: 0
  stamp:
    secs: 1716976993
    nsecs: 20894765
  frame_id: "map"
pose:
  pose:
    position:
      x: -2.5092981819195486
      y: 1.5378984281836607
      z: -0.12994875781411355
    orientation:
      x: 0.015903001261372278
      y: 0.010501608744788744
      z: -0.6442312466112994
      w: 0.764593298201275
  covariance: [0.25, 0.0, 0.0, 0.0, 0.0, 0.0, 0.0, 0.0, 0.0, 0.0, 0.0, 0.0, 0.0, 0.0, 0.0, 0.0, 0.0, 0.0, 0.0, 0.0, 0.0, 0.0, 0.0, 0.0, 0.0, 0.0, 0.0, 0.0, 0.0, 0.0, 0.0, 0.0, 0.0, 0.0, 0.0, 0.06853892326654787]
