header:
  seq: 0
  stamp:
    secs: 1716976965
    nsecs: 20694017
  frame_id: "map"
pose:
  pose:
    position:
      x: -1.693816791374653
      y: 1.5491958691681615
      z: -0.1365487505011995
    orientation:
      x: 0.017161494840295177
      y: -0.017671789642562392
      z: -0.9272720896958553
      w: -0.37357684967989846
  covariance: [0.25, 0.0, 0.0, 0.0, 0.0, 0.0, 0.0, 0.0, 0.0, 0.0, 0.0, 0.0, 0.0, 0.0, 0.0, 0.0, 0.0, 0.0, 0.0, 0.0, 0.0, 0.0, 0.0, 0.0, 0.0, 0.0, 0.0, 0.0, 0.0, 0.0, 0.0, 0.0, 0.0, 0.0, 0.0, 0.06853892326654787]
