header:
  seq: 0
  stamp:
    secs: 1716810743
    nsecs: 354563236
  frame_id: "map"
pose:
  pose:
    position:
      x: 0.2515412772900613
      y: 0.2998463132654845
      z: -0.13068167921307983
    orientation:
      x: 0.022528487331783625
      y: 0.009824651833902423
      z: -0.9966611557991318
      w: -0.07786195474057367
  covariance: [0.25, 0.0, 0.0, 0.0, 0.0, 0.0, 0.0, 0.0, 0.0, 0.0, 0.0, 0.0, 0.0, 0.0, 0.0, 0.0, 0.0, 0.0, 0.0, 0.0, 0.0, 0.0, 0.0, 0.0, 0.0, 0.0, 0.0, 0.0, 0.0, 0.0, 0.0, 0.0, 0.0, 0.0, 0.0, 0.06853892326654787]
