header:
  seq: 0
  stamp:
    secs: 1716810610
    nsecs: 290580987
  frame_id: "map"
pose:
  pose:
    position:
      x: -0.060931675243579
      y: 0.030389988650499283
      z: -0.1297915424305661
    orientation:
      x: -0.0031874479103699816
      y: 0.02813490869266699
      z: -0.012873290640005738
      w: 0.9995161556857257
  covariance: [0.25, 0.0, 0.0, 0.0, 0.0, 0.0, 0.0, 0.0, 0.0, 0.0, 0.0, 0.0, 0.0, 0.0, 0.0, 0.0, 0.0, 0.0, 0.0, 0.0, 0.0, 0.0, 0.0, 0.0, 0.0, 0.0, 0.0, 0.0, 0.0, 0.0, 0.0, 0.0, 0.0, 0.0, 0.0, 0.06853892326654787]
