header:
  seq: 0
  stamp:
    secs: 1716810670
    nsecs: 845630407
  frame_id: "map"
pose:
  pose:
    position:
      x: 5.117512015171581
      y: -0.4689239667653065
      z: -0.155395604381459
    orientation:
      x: -0.022200637480041398
      y: 0.03998165523161172
      z: -0.16927494840447482
      w: 0.9845072832554784
  covariance: [0.25, 0.0, 0.0, 0.0, 0.0, 0.0, 0.0, 0.0, 0.0, 0.0, 0.0, 0.0, 0.0, 0.0, 0.0, 0.0, 0.0, 0.0, 0.0, 0.0, 0.0, 0.0, 0.0, 0.0, 0.0, 0.0, 0.0, 0.0, 0.0, 0.0, 0.0, 0.0, 0.0, 0.0, 0.0, 0.06853892326654787]
