header:
  seq: 0
  stamp:
    secs: 1716810757
    nsecs: 354485273
  frame_id: "map"
pose:
  pose:
    position:
      x: 0.24723891196614953
      y: 0.125721636248057
      z: -0.12993374293214832
    orientation:
      x: 0.010233415617595708
      y: -0.014809103444001263
      z: 0.09684532627726297
      w: -0.9951366491282657
  covariance: [0.25, 0.0, 0.0, 0.0, 0.0, 0.0, 0.0, 0.0, 0.0, 0.0, 0.0, 0.0, 0.0, 0.0, 0.0, 0.0, 0.0, 0.0, 0.0, 0.0, 0.0, 0.0, 0.0, 0.0, 0.0, 0.0, 0.0, 0.0, 0.0, 0.0, 0.0, 0.0, 0.0, 0.0, 0.0, 0.06853892326654787]
