header:
  seq: 0
  stamp:
    secs: 1716976959
    nsecs: 21639347
  frame_id: "map"
pose:
  pose:
    position:
      x: -1.2150270795154827
      y: 1.1048004833002147
      z: -0.13175016771248424
    orientation:
      x: 0.006090479566651678
      y: -0.002667150633721904
      z: -0.9282656474458644
      w: -0.3718584141014638
  covariance: [0.25, 0.0, 0.0, 0.0, 0.0, 0.0, 0.0, 0.0, 0.0, 0.0, 0.0, 0.0, 0.0, 0.0, 0.0, 0.0, 0.0, 0.0, 0.0, 0.0, 0.0, 0.0, 0.0, 0.0, 0.0, 0.0, 0.0, 0.0, 0.0, 0.0, 0.0, 0.0, 0.0, 0.0, 0.0, 0.06853892326654787]
