header:
  seq: 0
  stamp:
    secs: 1716976970
    nsecs: 21503448
  frame_id: "map"
pose:
  pose:
    position:
      x: -1.6849097634975894
      y: 1.552168312368126
      z: -0.12987853495410018
    orientation:
      x: 0.017526156959720356
      y: -0.011733124574773752
      z: -0.940464431584064
      w: -0.33923711550359537
  covariance: [0.25, 0.0, 0.0, 0.0, 0.0, 0.0, 0.0, 0.0, 0.0, 0.0, 0.0, 0.0, 0.0, 0.0, 0.0, 0.0, 0.0, 0.0, 0.0, 0.0, 0.0, 0.0, 0.0, 0.0, 0.0, 0.0, 0.0, 0.0, 0.0, 0.0, 0.0, 0.0, 0.0, 0.0, 0.0, 0.06853892326654787]
