header:
  seq: 0
  stamp:
    secs: 1716810706
    nsecs: 625473022
  frame_id: "map"
pose:
  pose:
    position:
      x: 4.840013888197866
      y: -0.3606315068083903
      z: -0.14300622656811285
    orientation:
      x: 0.028076935666599055
      y: 0.02822139956198263
      z: -0.9860381720138806
      w: -0.16169094477385404
  covariance: [0.25, 0.0, 0.0, 0.0, 0.0, 0.0, 0.0, 0.0, 0.0, 0.0, 0.0, 0.0, 0.0, 0.0, 0.0, 0.0, 0.0, 0.0, 0.0, 0.0, 0.0, 0.0, 0.0, 0.0, 0.0, 0.0, 0.0, 0.0, 0.0, 0.0, 0.0, 0.0, 0.0, 0.0, 0.0, 0.06853892326654787]
