header:
  seq: 0
  stamp:
    secs: 1716810682
    nsecs: 845580816
  frame_id: "map"
pose:
  pose:
    position:
      x: 5.760737760792146
      y: -0.651330662382474
      z: -0.13007505068916186
    orientation:
      x: -0.0077911188256201466
      y: 0.019997413972535863
      z: -0.51534678871042
      w: 0.8567129561689342
  covariance: [0.25, 0.0, 0.0, 0.0, 0.0, 0.0, 0.0, 0.0, 0.0, 0.0, 0.0, 0.0, 0.0, 0.0, 0.0, 0.0, 0.0, 0.0, 0.0, 0.0, 0.0, 0.0, 0.0, 0.0, 0.0, 0.0, 0.0, 0.0, 0.0, 0.0, 0.0, 0.0, 0.0, 0.0, 0.0, 0.06853892326654787]
