header:
  seq: 0
  stamp:
    secs: 1716810721
    nsecs: 354353666
  frame_id: "map"
pose:
  pose:
    position:
      x: 3.2929091465450173
      y: -0.015860594098738856
      z: -0.13617410591285828
    orientation:
      x: 0.02231726281387018
      y: 0.0008104939519396038
      z: -0.9993515324665316
      w: -0.028245308227129798
  covariance: [0.25, 0.0, 0.0, 0.0, 0.0, 0.0, 0.0, 0.0, 0.0, 0.0, 0.0, 0.0, 0.0, 0.0, 0.0, 0.0, 0.0, 0.0, 0.0, 0.0, 0.0, 0.0, 0.0, 0.0, 0.0, 0.0, 0.0, 0.0, 0.0, 0.0, 0.0, 0.0, 0.0, 0.0, 0.0, 0.06853892326654787]
