header:
  seq: 0
  stamp:
    secs: 1716977009
    nsecs: 21447896
  frame_id: "map"
pose:
  pose:
    position:
      x: -1.414697024770668
      y: 1.1149345111567386
      z: -0.1314394844821965
    orientation:
      x: -0.008514435255670829
      y: 0.007029808756191479
      z: -0.2217902172459011
      w: 0.9750318895888196
  covariance: [0.25, 0.0, 0.0, 0.0, 0.0, 0.0, 0.0, 0.0, 0.0, 0.0, 0.0, 0.0, 0.0, 0.0, 0.0, 0.0, 0.0, 0.0, 0.0, 0.0, 0.0, 0.0, 0.0, 0.0, 0.0, 0.0, 0.0, 0.0, 0.0, 0.0, 0.0, 0.0, 0.0, 0.0, 0.0, 0.06853892326654787]
