header:
  seq: 0
  stamp:
    secs: 1716976999
    nsecs: 20804405
  frame_id: "map"
pose:
  pose:
    position:
      x: -2.5155253876303014
      y: 1.5205545941211467
      z: -0.13002138217806963
    orientation:
      x: -0.0016549238287002143
      y: 0.006666912119332962
      z: -0.18227933593585896
      w: 0.9832227912333483
  covariance: [0.25, 0.0, 0.0, 0.0, 0.0, 0.0, 0.0, 0.0, 0.0, 0.0, 0.0, 0.0, 0.0, 0.0, 0.0, 0.0, 0.0, 0.0, 0.0, 0.0, 0.0, 0.0, 0.0, 0.0, 0.0, 0.0, 0.0, 0.0, 0.0, 0.0, 0.0, 0.0, 0.0, 0.0, 0.0, 0.06853892326654787]
