header:
  seq: 0
  stamp:
    secs: 1716810613
    nsecs: 290490865
  frame_id: "map"
pose:
  pose:
    position:
      x: 0.1430762674414472
      y: 0.03171716613392957
      z: -0.13765862877322577
    orientation:
      x: -0.007426259077748836
      y: 0.02094450983924495
      z: -0.029906309239653938
      w: 0.9993056543677544
  covariance: [0.25, 0.0, 0.0, 0.0, 0.0, 0.0, 0.0, 0.0, 0.0, 0.0, 0.0, 0.0, 0.0, 0.0, 0.0, 0.0, 0.0, 0.0, 0.0, 0.0, 0.0, 0.0, 0.0, 0.0, 0.0, 0.0, 0.0, 0.0, 0.0, 0.0, 0.0, 0.0, 0.0, 0.0, 0.0, 0.06853892326654787]
