header:
  seq: 0
  stamp:
    secs: 1716977002
    nsecs: 20834207
  frame_id: "map"
pose:
  pose:
    position:
      x: -2.1398552317921875
      y: 1.3995170852212786
      z: -0.13021573832955188
    orientation:
      x: 0.0008639472966440822
      y: -0.000529369870678075
      z: -0.19605967067513955
      w: 0.9805914434143124
  covariance: [0.25, 0.0, 0.0, 0.0, 0.0, 0.0, 0.0, 0.0, 0.0, 0.0, 0.0, 0.0, 0.0, 0.0, 0.0, 0.0, 0.0, 0.0, 0.0, 0.0, 0.0, 0.0, 0.0, 0.0, 0.0, 0.0, 0.0, 0.0, 0.0, 0.0, 0.0, 0.0, 0.0, 0.0, 0.0, 0.06853892326654787]
