header:
  seq: 0
  stamp:
    secs: 1716977034
    nsecs: 20945310
  frame_id: "map"
pose:
  pose:
    position:
      x: -0.08648872125727991
      y: 0.5699240098228207
      z: -0.12975692455356905
    orientation:
      x: 0.013580974034645943
      y: 0.02802158633645547
      z: -0.91106811702902
      w: 0.4110781360965999
  covariance: [0.25, 0.0, 0.0, 0.0, 0.0, 0.0, 0.0, 0.0, 0.0, 0.0, 0.0, 0.0, 0.0, 0.0, 0.0, 0.0, 0.0, 0.0, 0.0, 0.0, 0.0, 0.0, 0.0, 0.0, 0.0, 0.0, 0.0, 0.0, 0.0, 0.0, 0.0, 0.0, 0.0, 0.0, 0.0, 0.06853892326654787]
